age_diff,edu_shsp,prev_hat,n
-50,high_high,1.9010699012677e-17,3228
-49,high_high,4.14124288152762e-17,3228
-48,high_high,9.0193367280799e-17,3228
-47,high_high,1.96354593192517e-16,3228
-46,high_high,4.27209966515627e-16,3228
-45,high_high,9.28724316457867e-16,3228
-44,high_high,2.01691998524286e-15,3228
-43,high_high,4.3748001254697e-15,3228
-42,high_high,9.47560041029654e-15,3228
-41,high_high,2.04901678997796e-14,3228
-40,high_high,4.42268321940289e-14,3228
-39,high_high,9.52662273733663e-14,3228
-38,high_high,2.04746363044469e-13,3228
-37,high_high,4.38963890794852e-13,3228
-36,high_high,9.38616192832958e-13,3228
-35,high_high,2.0012677758632e-12,3228
-34,high_high,4.25394176837508e-12,3228
-33,high_high,9.01277048776914e-12,3228
-32,high_high,1.90290347491685e-11,3228
-31,high_high,4.0029310445855e-11,3228
-30,high_high,8.38790615782179e-11,3228
-29,high_high,1.75046845802978e-10,3228
-28,high_high,3.63740289938247e-10,3228
-27,high_high,7.52447100948518e-10,3228
-26,high_high,1.54924085970187e-09,3228
-25,high_high,3.17417703276775e-09,3228
-24,high_high,6.47028227179982e-09,3228
-23,high_high,1.31191466695648e-08,3228
-22,high_high,2.64538128796376e-08,3228
-21,high_high,5.3037235463085e-08,3228
-20,high_high,1.05704221251064e-07,3228
-19,high_high,2.09377834143458e-07,3228
-18,high_high,4.12100259696408e-07,3228
-17,high_high,8.05775767480887e-07,3228
-16,high_high,1.56483249389266e-06,3228
-15,high_high,3.01761800177644e-06,3228
-14,high_high,5.77970749981961e-06,3228
-13,high_high,1.10182488900848e-05,3228
-12,high_high,2.09605000842671e-05,3228
-11,high_high,3.98912745357447e-05,3228
-10,high_high,7.61426736146461e-05,3228
-9,high_high,0.000146522978215091,3228
-8,high_high,0.000288856534279103,3228
-7,high_high,0.000594280180710774,3228
-6,high_high,0.00129900006562665,3228
-5,high_high,0.00306757043646023,3228
-4,high_high,0.00786705183194563,3228
-3,high_high,0.0211641287197576,3228
-2,high_high,0.055256907840867,3228
-1,high_high,0.115783795433034,3228
0,high_high,0.169291646442196,3228
1,high_high,0.183073728419959,3228
2,high_high,0.158332761198663,3228
3,high_high,0.113400647024061,3228
4,high_high,0.0696977214553685,3228
5,high_high,0.0401750357398192,3228
6,high_high,0.0237573818498523,3228
7,high_high,0.0145054141800194,3228
8,high_high,0.00898765559095703,3228
9,high_high,0.00554605880088005,3228
10,high_high,0.00334185715892911,3228
11,high_high,0.00193600854285254,3228
12,high_high,0.00108171099219295,3228
13,high_high,0.000587587377086973,3228
14,high_high,0.000312824199697544,3228
15,high_high,0.000164555557256838,3228
16,high_high,8.61114010941248e-05,3228
17,high_high,4.49000708403068e-05,3228
18,high_high,2.33340343032302e-05,3228
19,high_high,1.20888693076367e-05,3228
20,high_high,6.24475266476218e-06,3228
21,high_high,3.21697306031001e-06,3228
22,high_high,1.65288450963184e-06,3228
23,high_high,8.47138570790597e-07,3228
24,high_high,4.33144295518765e-07,3228
25,high_high,2.20964703808838e-07,3228
26,high_high,1.12478338839388e-07,3228
27,high_high,5.71363242314972e-08,3228
28,high_high,2.89663359613823e-08,3228
29,high_high,1.46572402012368e-08,3228
30,high_high,7.40332919417337e-09,3228
31,high_high,3.73298705539118e-09,3228
32,high_high,1.8792236807927e-09,3228
33,high_high,9.44562695494426e-10,3228
34,high_high,4.74079300500712e-10,3228
35,high_high,2.3761646376904e-10,3228
36,high_high,1.18944603376369e-10,3228
37,high_high,5.94693123963052e-11,3228
38,high_high,2.97001256137736e-11,3228
39,high_high,1.4817606242109e-11,3228
40,high_high,7.38566124487956e-12,3228
41,high_high,3.67815009883249e-12,3228
42,high_high,1.83035524529913e-12,3228
43,high_high,9.10215742275755e-13,3228
44,high_high,4.52369632007008e-13,3228
45,high_high,2.24708663295799e-13,3228
46,high_high,1.11573379467744e-13,3228
47,high_high,5.53799907692466e-14,3228
48,high_high,2.74810809132556e-14,3228
49,high_high,1.36345403846239e-14,3228
50,high_high,6.76410083404644e-15,3228
-50,high_low,1.4659520246716e-14,1156
-49,high_low,2.73407043980191e-14,1156
-48,high_low,5.09842078672386e-14,1156
-47,high_low,9.50459739951122e-14,1156
-46,high_low,1.77108695702427e-13,1156
-45,high_low,3.29830026895941e-13,1156
-44,high_low,6.13791227633632e-13,1156
-43,high_low,1.14121475890211e-12,1156
-42,high_low,2.11966061073814e-12,1156
-41,high_low,3.93236259352115e-12,1156
-40,high_low,7.28559601165061e-12,1156
-39,high_low,1.34783565097571e-11,1156
-38,high_low,2.48945988407813e-11,1156
-37,high_low,4.58992586341089e-11,1156
-36,high_low,8.44645651585953e-11,1156
-35,high_low,1.55112840841904e-10,1156
-34,high_low,2.84224319507414e-10,1156
-33,high_low,5.1957821684079e-10,1156
-32,high_low,9.47442255590998e-10,1156
-31,high_low,1.72306846168261e-09,1156
-30,high_low,3.1248996560888e-09,1156
-29,high_low,5.65052876517108e-09,1156
-28,high_low,1.01858477626563e-08,1156
-27,high_low,1.8301884771264e-08,1156
-26,high_low,3.2773308469091e-08,1156
-25,high_low,5.8479768172514e-08,1156
-24,high_low,1.03964875561948e-07,1156
-23,high_low,1.84118586900927e-07,1156
-22,high_low,3.24767441017916e-07,1156
-21,high_low,5.70485221734775e-07,1156
-20,high_low,9.97805198934341e-07,1156
-19,high_low,1.73743236201523e-06,1156
-18,high_low,3.01134718538192e-06,1156
-17,high_low,5.19436956383778e-06,1156
-16,high_low,8.91559132564036e-06,1156
-15,high_low,1.52242639429287e-05,1156
-14,high_low,2.5958005178245e-05,1156
-13,high_low,4.50363999090487e-05,1156
-12,high_low,8.13300348611844e-05,1156
-11,high_low,0.000156354832027704,1156
-10,high_low,0.000327193477103657,1156
-9,high_low,0.000751438307840326,1156
-8,high_low,0.00180811379855356,1156
-7,high_low,0.0042925823774614,1156
-6,high_low,0.00947502043726804,1156
-5,high_low,0.0183632113590043,1156
-4,high_low,0.0304944873006916,1156
-3,high_low,0.0476328724671892,1156
-2,high_low,0.0755143809833646,1156
-1,high_low,0.111084622580695,1156
0,high_low,0.136861171805973,1156
1,high_low,0.138380097290776,1156
2,high_low,0.116457658231718,1156
3,high_low,0.089420487157508,1156
4,high_low,0.068418652981806,1156
5,high_low,0.0511005840122184,1156
6,high_low,0.0358326922340774,1156
7,high_low,0.0237164179037447,1156
8,high_low,0.0150779946255498,1156
9,high_low,0.00937987385332803,1156
10,high_low,0.00582023197860473,1156
11,high_low,0.00365412324507503,1156
12,high_low,0.00230561693174754,1156
13,high_low,0.00144407135813851,1156
14,high_low,0.000886582317384498,1156
15,high_low,0.000526795910877356,1156
16,high_low,0.000299783667026887,1156
17,high_low,0.000163216298104258,1156
18,high_low,8.51326341070014e-05,1156
19,high_low,4.25991288326936e-05,1156
20,high_low,2.04774030357162e-05,1156
21,high_low,9.46921831797526e-06,1156
22,high_low,4.21802997995416e-06,1156
23,high_low,1.81237085575691e-06,1156
24,high_low,7.5215289032794e-07,1156
25,high_low,3.01898680200218e-07,1156
26,high_low,1.17349720023286e-07,1156
27,high_low,4.42318007366738e-08,1156
28,high_low,1.61875806658826e-08,1156
29,high_low,5.75950161607225e-09,1156
30,high_low,1.99481583383233e-09,1156
31,high_low,6.73432192666501e-10,1156
32,high_low,2.21878687068253e-10,1156
33,high_low,7.14372853266044e-11,1156
34,high_low,2.25049793247803e-11,1156
35,high_low,6.9459730428853e-12,1156
36,high_low,2.10302639607377e-12,1156
37,high_low,6.25417154371209e-13,1156
38,high_low,1.82921403463033e-13,1156
39,high_low,5.26847761504795e-14,1156
40,high_low,1.49619371167166e-14,1156
41,high_low,4.19496910784176e-15,1156
42,high_low,1.16269055346456e-15,1156
43,high_low,3.1897021597538e-16,1156
44,high_low,8.67247202044833e-17,1156
45,high_low,2.33990724845194e-17,1156
46,high_low,6.27297435692228e-18,1156
47,high_low,1.67310689530893e-18,1156
48,high_low,4.44534371682931e-19,1156
49,high_low,1.17807965997283e-19,1156
50,high_low,3.11808389359415e-20,1156
-50,high_mid,1.54231425399697e-12,599
-49,high_mid,2.08299019718178e-12,599
-48,high_mid,2.81517678206708e-12,599
-47,high_mid,3.81006434145844e-12,599
-46,high_mid,5.16738997808872e-12,599
-45,high_mid,7.02791592261403e-12,599
-44,high_mid,9.59184967710377e-12,599
-43,high_mid,1.31462763060585e-11,599
-42,high_mid,1.81063883004822e-11,599
-41,high_mid,2.50780451834259e-11,599
-40,high_mid,3.49536394080792e-11,599
-39,high_mid,4.90605129281987e-11,599
-38,high_mid,6.93931844389137e-11,599
-37,high_mid,9.89807376787645e-11,599
-36,high_mid,1.42474706286531e-10,599
-35,high_mid,2.07100975293687e-10,599
-34,high_mid,3.04220077788869e-10,599
-33,high_mid,4.51917346254127e-10,599
-32,high_mid,6.79359414906449e-10,599
-31,high_mid,1.03422171524182e-09,599
-30,high_mid,1.595530691889e-09,599
-29,high_mid,2.49619253645871e-09,599
-28,high_mid,3.96311158517053e-09,599
-27,high_mid,6.3897466895719e-09,599
-26,high_mid,1.04694486964575e-08,599
-25,high_mid,1.74445739861008e-08,599
-24,high_mid,2.95798954781237e-08,599
-23,high_mid,5.10782037488348e-08,599
-22,high_mid,8.98834707699633e-08,599
-21,high_mid,1.61298786943519e-07,599
-20,high_mid,2.95386177764839e-07,599
-19,high_mid,5.52403199111334e-07,599
-18,high_mid,1.05566433326546e-06,599
-17,high_mid,2.06296607351016e-06,599
-16,high_mid,4.12517084290742e-06,599
-15,high_mid,8.44604096711552e-06,599
-14,high_mid,1.76930999259247e-05,599
-13,high_mid,3.76887595079316e-05,599
-12,high_mid,8.10184527994665e-05,599
-11,high_mid,0.000174418975033163,599
-10,high_mid,0.000373140930103107,599
-9,high_mid,0.000786709525527182,599
-8,high_mid,0.00161810352172613,599
-7,high_mid,0.00321244595475365,599
-6,high_mid,0.0060916357174275,599
-5,high_mid,0.0109208555589394,599
-4,high_mid,0.0187857593423711,599
-3,high_mid,0.0346410697299642,599
-2,high_mid,0.0718752863946627,599
-1,high_mid,0.129673421845511,599
0,high_mid,0.1622169435887,599
1,high_mid,0.152392089163714,599
2,high_mid,0.121927380214738,599
3,high_mid,0.0892669995569478,599
4,high_mid,0.0630553918434219,599
5,high_mid,0.0437728010394069,599
6,high_mid,0.0301004040763075,599
7,high_mid,0.0205052549870381,599
8,high_mid,0.0138099809684963,599
9,high_mid,0.00917505068018504,599
10,high_mid,0.00599956247023688,599
11,high_mid,0.00384871612131765,599
12,high_mid,0.00240551376621477,599
13,high_mid,0.00145335979025668,599
14,high_mid,0.000842085662479306,599
15,high_mid,0.00046417596228714,599
16,high_mid,0.00024186425483456,599
17,high_mid,0.000119140876729071,599
18,high_mid,5.55786528289746e-05,599
19,high_mid,2.45968786029993e-05,599
20,high_mid,1.0345293399588e-05,599
21,high_mid,4.14243998804918e-06,599
22,high_mid,1.58187046020119e-06,599
23,high_mid,5.77069189356922e-07,599
24,high_mid,2.01446280635596e-07,599
25,high_mid,6.74046261576874e-08,599
26,high_mid,2.16540010190864e-08,599
27,high_mid,6.68989441724158e-09,599
28,high_mid,1.99087835223837e-09,599
29,high_mid,5.71642121207306e-10,599
30,high_mid,1.58622995945982e-10,599
31,high_mid,4.26067180948836e-11,599
32,high_mid,1.10960169850369e-11,599
33,high_mid,2.80633837607131e-12,599
34,high_mid,6.90404286316347e-13,599
35,high_mid,1.65487036851433e-13,599
36,high_mid,3.871043229649e-14,599
37,high_mid,8.85119808346411e-15,599
38,high_mid,1.98149297836923e-15,599
39,high_mid,4.35016658832668e-16,599
40,high_mid,9.38098718450834e-17,599
41,high_mid,1.99033843115749e-17,599
42,high_mid,4.1614767674368e-18,599
43,high_mid,8.58848589039546e-19,599
44,high_mid,1.75243029316111e-19,599
45,high_mid,3.54100334863052e-20,599
46,high_mid,7.09708145438682e-21,599
47,high_mid,1.41321271235269e-21,599
48,high_mid,2.80037377022932e-22,599
49,high_mid,5.53110131475024e-23,599
50,high_mid,1.09068866428665e-23,599
-50,low_high,4.98601844674504e-22,4918
-49,low_high,1.96126005667917e-21,4918
-48,low_high,7.70392093543193e-21,4918
-47,low_high,3.01772118942801e-20,4918
-46,low_high,1.17715160856618e-19,4918
-45,low_high,4.56632703695771e-19,4918
-44,low_high,1.75905038121199e-18,4918
-43,low_high,6.71988018798343e-18,4918
-42,low_high,2.54221395002534e-17,4918
-41,low_high,9.5109809511488e-17,4918
-40,low_high,3.51395748914854e-16,4918
-39,low_high,1.28032728676104e-15,4918
-38,low_high,4.59403326259911e-15,4918
-37,low_high,1.62110532433799e-14,4918
-36,low_high,5.61781736525673e-14,4918
-35,low_high,1.90923156808836e-13,4918
-34,low_high,6.35447263124592e-13,4918
-33,low_high,2.06835762893327e-12,4918
-32,low_high,6.57494666606453e-12,4918
-31,low_high,2.03833025057516e-11,4918
-30,low_high,6.15414531159029e-11,4918
-29,low_high,1.80703637109947e-10,4918
-28,low_high,5.15308033054833e-10,4918
-27,low_high,1.42515632822394e-09,4918
-26,low_high,3.81722768105248e-09,4918
-25,low_high,9.88820708870612e-09,4918
-24,low_high,2.47379877002803e-08,4918
-23,low_high,5.96871983146656e-08,4918
-22,low_high,1.38694695875421e-07,4918
-21,low_high,3.09949699618897e-07,4918
-20,low_high,6.65219873158434e-07,4918
-19,low_high,1.36921280866278e-06,4918
-18,low_high,2.69896411357447e-06,4918
-17,low_high,5.08782961006817e-06,4918
-16,low_high,9.15940567322359e-06,4918
-15,low_high,1.57251073666586e-05,4918
-14,low_high,2.57856071047311e-05,4918
-13,low_high,4.09227109670125e-05,4918
-12,low_high,6.38795614453847e-05,4918
-11,low_high,9.96695221950867e-05,4918
-10,low_high,0.000157955513536433,4918
-9,low_high,0.000258516485280333,4918
-8,low_high,0.000445323533314339,4918
-7,low_high,0.000823172388803239,4918
-6,low_high,0.00166362596561769,4918
-5,low_high,0.00374049993174525,4918
-4,low_high,0.00923941697482728,4918
-3,low_high,0.022168210416041,4918
-2,low_high,0.0460021469249133,4918
-1,low_high,0.08276582406479,4918
0,low_high,0.130142999469751,4918
1,low_high,0.164947859681598,4918
2,low_high,0.158405922053933,4918
3,low_high,0.125474583458791,4918
4,low_high,0.090838391013228,4918
5,low_high,0.0621812640932379,4918
6,low_high,0.0408202807510575,4918
7,low_high,0.0257030705184892,4918
8,low_high,0.0154703356929543,4918
9,low_high,0.00887118989552958,4918
10,low_high,0.00483105793344918,4918
11,low_high,0.00249505948243775,4918
12,low_high,0.00122898225110313,4918
13,low_high,0.000581707247881823,4918
14,low_high,0.00026659191551659,4918
15,low_high,0.000119191136413433,4918
16,low_high,5.23186678351271e-05,4918
17,low_high,2.25898718115968e-05,4918
18,low_high,9.60124513072514e-06,4918
19,low_high,4.01954279730546e-06,4918
20,low_high,1.65849977427657e-06,4918
21,low_high,6.74809209682416e-07,4918
22,low_high,2.70893481380296e-07,4918
23,low_high,1.07345765759443e-07,4918
24,low_high,4.20098629090689e-08,4918
25,low_high,1.62444470761515e-08,4918
26,low_high,6.20941528153357e-09,4918
27,low_high,2.3474246776109e-09,4918
28,low_high,8.78071301914679e-10,4918
29,low_high,3.25136933252754e-10,4918
30,low_high,1.19234520821633e-10,4918
31,low_high,4.33248812311173e-11,4918
32,low_high,1.56053209928655e-11,4918
33,low_high,5.57452873236557e-12,4918
34,low_high,1.97580387551765e-12,4918
35,low_high,6.95152005553332e-13,4918
36,low_high,2.42893571296775e-13,4918
37,low_high,8.43242635932787e-14,4918
38,low_high,2.90997583593743e-14,4918
39,low_high,9.98680299231416e-15,4918
40,low_high,3.41007427994974e-15,4918
41,low_high,1.15904802506142e-15,4918
42,low_high,3.92318905816924e-16,4918
43,low_high,1.32305297640479e-16,4918
44,low_high,4.44749428392329e-17,4918
45,low_high,1.49091782454105e-17,4918
46,low_high,4.98645765519703e-18,4918
47,low_high,1.66467960955532e-18,4918
48,low_high,5.54969679950813e-19,4918
49,low_high,1.8484508253805e-19,4918
50,low_high,6.15384524168342e-20,4918
-50,low_low,1.13498601562575e-19,57219
-49,low_low,3.46829745616701e-19,57219
-48,low_low,1.0589114060681e-18,57219
-47,low_low,3.22728886518596e-18,57219
-46,low_low,9.80998716574961e-18,57219
-45,low_low,2.97145315016527e-17,57219
-44,low_low,8.96100347634057e-17,57219
-43,low_low,2.688123246508e-16,57219
-42,low_low,8.01426947582187e-16,57219
-41,low_low,2.37256653843302e-15,57219
-40,low_low,6.96835097011238e-15,57219
-39,low_low,2.02869260773269e-14,57219
-38,low_low,5.84917411808736e-14,57219
-37,low_low,1.66871580668051e-13,57219
-36,low_low,4.70649050591527e-13,57219
-35,low_low,1.31116217930447e-12,57219
-34,low_low,3.60476941415956e-12,57219
-33,low_low,9.77187328276703e-12,57219
-32,low_low,2.60960519070476e-11,57219
-31,low_low,6.85939434784591e-11,57219
-30,low_low,1.77307861172519e-10,57219
-29,low_low,4.50317312009276e-10,57219
-28,low_low,1.12272854264123e-09,57219
-27,low_low,2.74544777350981e-09,57219
-26,low_low,6.5788572725747e-09,57219
-25,low_low,1.54348624235895e-08,57219
-24,low_low,3.54230315733996e-08,57219
-23,low_low,7.94537349530375e-08,57219
-22,low_low,1.74021387893303e-07,57219
-21,low_low,3.71846479290354e-07,57219
-20,low_low,7.74478179960077e-07,57219
-19,low_low,1.57090322888751e-06,57219
-18,low_low,3.10022415746541e-06,57219
-17,low_low,5.94767569888205e-06,57219
-16,low_low,1.10819882041617e-05,57219
-15,low_low,2.00359076161662e-05,57219
-14,low_low,3.5196684373255e-05,57219
-13,low_low,6.06983010595862e-05,57219
-12,low_low,0.000104057996963021,57219
-11,low_low,0.000179562485025529,57219
-10,low_low,0.000315771353231416,57219
-9,low_low,0.000571198962365113,57219
-8,low_low,0.00106009912293484,57219
-7,low_low,0.0020071344200129,57219
-6,low_low,0.00385372347999545,57219
-5,low_low,0.0074558918505459,57219
-4,low_low,0.0144152719430837,57219
-3,low_low,0.0274467008377741,57219
-2,low_low,0.0503920013653369,57219
-1,low_low,0.0857640489144898,57219
0,low_low,0.12849617465637,57219
1,low_low,0.154561562056405,57219
2,low_low,0.141316879699512,57219
3,low_low,0.111849108099845,57219
4,low_low,0.088010816653396,57219
5,low_low,0.0670695263525867,57219
6,low_low,0.0467713238930443,57219
7,low_low,0.0298274662442305,57219
8,low_low,0.0176566581089188,57219
9,low_low,0.00986276577202943,57219
10,low_low,0.00529139049237778,57219
11,low_low,0.00276944450231204,57219
12,low_low,0.00142017616091218,57219
13,low_low,0.00071446395044512,57219
14,low_low,0.000353016466398425,57219
15,low_low,0.000171478947824859,57219
16,low_low,8.19592459625138e-05,57219
17,low_low,3.85723207013862e-05,57219
18,low_low,1.78866174070685e-05,57219
19,low_low,8.17736862875084e-06,57219
20,low_low,3.68782788891513e-06,57219
21,low_low,1.64143497087565e-06,57219
22,low_low,7.21416777129183e-07,57219
23,low_low,3.13230522301411e-07,57219
24,low_low,1.3441797767105e-07,57219
25,low_low,5.70377351239144e-08,57219
26,low_low,2.39426494512354e-08,57219
27,low_low,9.94669037163304e-09,57219
28,low_low,4.09139621516102e-09,57219
29,low_low,1.66701764272589e-09,57219
30,low_low,6.7308996259287e-10,57219
31,low_low,2.69437733137898e-10,57219
32,low_low,1.06975405850018e-10,57219
33,low_low,4.21441548843774e-11,57219
34,low_low,1.64818579669168e-11,57219
35,low_low,6.40144248185135e-12,57219
36,low_low,2.47024363617702e-12,57219
37,low_low,9.47500301056393e-13,57219
38,low_low,3.61396459117645e-13,57219
39,low_low,1.37132605527649e-13,57219
40,low_low,5.17889589001708e-14,57219
41,low_low,1.94742421726413e-14,57219
42,low_low,7.29454480415798e-15,57219
43,low_low,2.72293565434779e-15,57219
44,low_low,1.01336388234857e-15,57219
45,low_low,3.76157418155198e-16,57219
46,low_low,1.3932765038059e-16,57219
47,low_low,5.15176179478093e-17,57219
48,low_low,1.90244591467375e-17,57219
49,low_low,7.01930725440631e-18,57219
50,low_low,2.58874266838049e-18,57219
-50,low_mid,1.18792228762509e-21,6141
-49,low_mid,5.45631526367131e-21,6141
-48,low_mid,2.50103522246493e-20,6141
-47,low_mid,1.14171580871998e-19,6141
-46,low_mid,5.179919403352e-19,6141
-45,low_mid,2.33090030517496e-18,6141
-44,low_mid,1.03817132804341e-17,6141
-43,low_mid,4.56738818908453e-17,6141
-42,low_mid,1.98074837090541e-16,6141
-41,low_mid,8.45010499416543e-16,6141
-40,low_mid,3.53895664883127e-15,6141
-39,low_mid,1.4520368653278e-14,6141
-38,low_mid,5.82476252273999e-14,6141
-37,low_mid,2.2797430315779e-13,6141
-36,low_mid,8.68779489095336e-13,6141
-35,low_mid,3.2170520146268e-12,6141
-34,low_mid,1.15515509205675e-11,6141
-33,low_mid,4.0138852920518e-11,6141
-32,low_mid,1.34691657994766e-10,6141
-31,low_mid,4.35588058485788e-10,6141
-30,low_mid,1.35481158957286e-09,6141
-29,low_mid,4.04442905900889e-09,6141
-28,low_mid,1.15642644081204e-08,6141
-27,low_mid,3.16058545284949e-08,6141
-26,low_mid,8.23969266259628e-08,6141
-25,low_mid,2.04480762535903e-07,6141
-24,low_mid,4.82052841590399e-07,6141
-23,low_mid,1.07730666543447e-06,6141
-22,low_mid,2.27765460016175e-06,6141
-21,low_mid,4.54613246143226e-06,6141
-20,low_mid,8.54881575749361e-06,6141
-19,low_mid,1.51142758507853e-05,6141
-18,low_mid,2.50726332340841e-05,6141
-17,low_mid,3.89461782895746e-05,6141
-16,low_mid,5.65341811757918e-05,6141
-15,low_mid,7.653761461776e-05,6141
-14,low_mid,9.71739127866166e-05,6141
-13,low_mid,0.000119875775860195,6141
-12,low_mid,0.000149983585122655,6141
-11,low_mid,0.000198644088953177,6141
-10,low_mid,0.000290638372151821,6141
-9,low_mid,0.000483281847030126,6141
-8,low_mid,0.000888188831065977,6141
-7,low_mid,0.0017297700314743,6141
-6,low_mid,0.00342248079947393,6141
-5,low_mid,0.00659749473374167,6141
-4,low_mid,0.0121021860574283,6141
-3,low_mid,0.0221183838612885,6141
-2,low_mid,0.0419053631616941,6141
-1,low_mid,0.0787627475034727,6141
0,low_mid,0.135209120180044,6141
1,low_mid,0.18093904411987,6141
2,low_mid,0.169305133614027,6141
3,low_mid,0.124970371633252,6141
4,low_mid,0.0845373951106995,6141
5,low_mid,0.054677550051102,6141
6,low_mid,0.0342422485381887,6141
7,low_mid,0.0207570679909998,6141
8,low_mid,0.0121329268681608,6141
9,low_mid,0.00681187687619347,6141
10,low_mid,0.00365888850995362,6141
11,low_mid,0.00187753903686197,6141
12,low_mid,0.000928640294043532,6141
13,low_mid,0.000447876113058831,6141
14,low_mid,0.000213088254863719,6141
15,low_mid,0.0001011725281864,6141
16,low_mid,4.83967504964527e-05,6141
17,low_mid,2.33693996020772e-05,6141
18,low_mid,1.13899292958453e-05,6141
19,low_mid,5.60235150584671e-06,6141
20,low_mid,2.78041063875401e-06,6141
21,low_mid,1.39199175360746e-06,6141
22,low_mid,7.02820353340629e-07,6141
23,low_mid,3.57780500762476e-07,6141
24,low_mid,1.8358377046623e-07,6141
25,low_mid,9.49237749386426e-08,6141
26,low_mid,4.94441288250377e-08,6141
27,low_mid,2.59374979989077e-08,6141
28,low_mid,1.3698996904715e-08,6141
29,low_mid,7.2823220764758e-09,6141
30,low_mid,3.89532849092962e-09,6141
31,low_mid,2.09596363247459e-09,6141
32,low_mid,1.13412519807662e-09,6141
33,low_mid,6.1694700576022e-10,6141
34,low_mid,3.37299909226551e-10,6141
35,low_mid,1.85283998550579e-10,6141
36,low_mid,1.02231492911215e-10,6141
37,low_mid,5.66406623842241e-11,6141
38,low_mid,3.15021709082306e-11,6141
39,low_mid,1.75829956986884e-11,6141
40,low_mid,9.84593936065216e-12,6141
41,low_mid,5.52974376145849e-12,6141
42,low_mid,3.11392449539579e-12,6141
43,low_mid,1.75767274698669e-12,6141
44,low_mid,9.94183331629386e-13,6141
45,low_mid,5.63332876192799e-13,6141
46,low_mid,3.19672678982239e-13,6141
47,low_mid,1.81618208427425e-13,6141
48,low_mid,1.03275745001585e-13,6141
49,low_mid,5.87616533335526e-14,6141
50,low_mid,3.34439861920219e-14,6141
-50,mid_high,4.00854277913307e-31,2323
-49,mid_high,4.00854277913307e-31,2323
-48,mid_high,4.00854277913307e-31,2323
-47,mid_high,4.00854277913307e-31,2323
-46,mid_high,4.00854277913307e-31,2323
-45,mid_high,4.00854277913307e-31,2323
-44,mid_high,4.00854277913307e-31,2323
-43,mid_high,4.00854277913307e-31,2323
-42,mid_high,1.67076853035908e-25,2323
-41,mid_high,1.72146608408392e-24,2323
-40,mid_high,1.72435014359785e-23,2323
-39,mid_high,1.6739233145107e-22,2323
-38,mid_high,1.56988226913974e-21,2323
-37,mid_high,1.4179416100857e-20,2323
-36,mid_high,1.22955414501406e-19,2323
-35,mid_high,1.02040676362904e-18,2323
-34,mid_high,8.07929879031967e-18,2323
-33,mid_high,6.08396899274532e-17,2323
-32,mid_high,4.34361781468632e-16,2323
-31,mid_high,2.93093251103351e-15,2323
-30,mid_high,1.863322089563e-14,2323
-29,mid_high,1.11259278624506e-13,2323
-28,mid_high,6.2199802789823e-13,2323
-27,mid_high,3.24552124622602e-12,2323
-26,mid_high,1.57565348937453e-11,2323
-25,mid_high,7.09505476183211e-11,2323
-24,mid_high,2.95397802370469e-10,2323
-23,mid_high,1.13358088380892e-09,2323
-22,mid_high,3.99694519091148e-09,2323
-21,mid_high,1.29083354386248e-08,2323
-20,mid_high,3.8063949685953e-08,2323
-19,mid_high,1.02163011471022e-07,2323
-18,mid_high,2.48796649391233e-07,2323
-17,mid_high,5.48027483091648e-07,2323
-16,mid_high,1.08844296815731e-06,2323
-15,mid_high,1.94310856307745e-06,2323
-14,mid_high,3.14663649799893e-06,2323
-13,mid_high,4.89907438213498e-06,2323
-12,mid_high,7.86803799579805e-06,2323
-11,mid_high,1.39843026976068e-05,2323
-10,mid_high,2.9505681861954e-05,2323
-9,mid_high,7.67793322034125e-05,2323
-8,mid_high,0.000225498763839412,2323
-7,mid_high,0.00066261930524445,2323
-6,mid_high,0.00172795820781819,2323
-5,mid_high,0.00355596371756092,2323
-4,mid_high,0.00571590338715463,2323
-3,mid_high,0.0107146842542407,2323
-2,mid_high,0.0313676903558019,2323
-1,mid_high,0.0883395023280388,2323
0,mid_high,0.149521143666653,2323
1,mid_high,0.169716047348025,2323
2,mid_high,0.15613647580475,2323
3,mid_high,0.126890060235368,2323
4,mid_high,0.0956365923905933,2323
5,mid_high,0.0663010770302607,2323
6,mid_high,0.0416052170210562,2323
7,mid_high,0.0239913799599494,2323
8,mid_high,0.0130393518220738,2323
9,mid_high,0.00686654925858585,2323
10,mid_high,0.00360619887677984,2323
11,mid_high,0.00193270554864884,2323
12,mid_high,0.0010540577571779,2323
13,mid_high,0.000579280894158629,2323
14,mid_high,0.000317545609220825,2323
15,mid_high,0.000171819995940548,2323
16,mid_high,9.09740863823563e-05,2323
17,mid_high,4.70827941388649e-05,2323
18,mid_high,2.38369762776212e-05,2323
19,mid_high,1.1814563078307e-05,2323
20,mid_high,5.73700317698214e-06,2323
21,mid_high,2.73129266361667e-06,2323
22,mid_high,1.2757767625388e-06,2323
23,mid_high,5.85067677978834e-07,2323
24,mid_high,2.63608522274138e-07,2323
25,mid_high,1.16769113662128e-07,2323
26,mid_high,5.08864534458888e-08,2323
27,mid_high,2.18308379526264e-08,2323
28,mid_high,9.2261276283995e-09,2323
29,mid_high,3.84357200031691e-09,2323
30,mid_high,1.57943577421703e-09,2323
31,mid_high,6.40626080255839e-10,2323
32,mid_high,2.56641489758606e-10,2323
33,mid_high,1.01613724392934e-10,2323
34,mid_high,3.9789142320872e-11,2323
35,mid_high,1.54186668407836e-11,2323
36,mid_high,5.91673828527206e-12,2323
37,mid_high,2.24985421672403e-12,2323
38,mid_high,8.48293305581198e-13,2323
39,mid_high,3.17351445430022e-13,2323
40,mid_high,1.17874760324304e-13,2323
41,mid_high,4.34980890177401e-14,2323
42,mid_high,1.59577498110509e-14,2323
43,mid_high,5.82382541504658e-15,2323
44,mid_high,2.11574519954967e-15,2323
45,mid_high,7.65631513483362e-16,2323
46,mid_high,2.76159987652347e-16,2323
47,mid_high,9.93503320032992e-17,2323
48,mid_high,3.56720938371314e-17,2323
49,mid_high,1.2791506272073e-17,2323
50,mid_high,4.58386351581514e-18,2323
-50,mid_low,3.01866576283533e-12,5924
-49,mid_low,4.00104949470867e-12,5924
-48,mid_low,5.30713676266484e-12,5924
-47,mid_low,7.05020208774808e-12,5924
-46,mid_low,9.38696617476055e-12,5924
-45,mid_low,1.25359949847693e-11,5924
-44,mid_low,1.68046590148409e-11,5924
-43,mid_low,2.26290022155707e-11,5924
-42,mid_low,3.0633271293682e-11,5924
-41,mid_low,4.17196912592168e-11,5924
-40,mid_low,5.7205263965529e-11,5924
-39,mid_low,7.90324712047344e-11,5924
-38,mid_low,1.10097446492059e-10,5924
-37,mid_low,1.54767048617924e-10,5924
-36,mid_low,2.19703397017758e-10,5924
-35,mid_low,3.15195130844467e-10,5924
-34,mid_low,4.57334657689311e-10,5924
-33,mid_low,6.71626821986364e-10,5924
-32,mid_low,9.99053281293728e-10,5924
-31,mid_low,1.50641053538574e-09,5924
-30,mid_low,2.30419618222333e-09,5924
-29,mid_low,3.57803239279073e-09,5924
-28,mid_low,5.64475395608284e-09,5924
-27,mid_low,9.05417390398646e-09,5924
-26,mid_low,1.47768789027027e-08,5924
-25,mid_low,2.4556896223267e-08,5924
-24,mid_low,4.15860478665276e-08,5924
-23,mid_low,7.18176796819311e-08,5924
-22,mid_low,1.26575652438106e-07,5924
-21,mid_low,2.27839340802054e-07,5924
-20,mid_low,4.19170110078247e-07,5924
-19,mid_low,7.8878061234141e-07,5924
-18,mid_low,1.51930379463247e-06,5924
-17,mid_low,2.99756602513759e-06,5924
-16,mid_low,6.06225522585022e-06,5924
-15,mid_low,1.25757630803549e-05,5924
-14,mid_low,2.66984300716675e-05,5924
-13,mid_low,5.72074376332006e-05,5924
-12,mid_low,0.000121653274742858,5924
-11,mid_low,0.000252452582695258,5924
-10,mid_low,0.000502703484630253,5924
-9,mid_low,0.000949551014605856,5924
-8,mid_low,0.00171740378989,5924
-7,mid_low,0.00301753933395798,5924
-6,mid_low,0.0052243114627886,5924
-5,mid_low,0.00903629786459138,5924
-4,mid_low,0.0159413317920784,5924
-3,mid_low,0.0301228208407202,5924
-2,mid_low,0.0608792373808287,5924
-1,mid_low,0.106956068170818,5924
0,mid_low,0.137573787175874,5924
1,mid_low,0.141602051396467,5924
2,mid_low,0.131177844274032,5924
3,mid_low,0.111361246042708,5924
4,mid_low,0.0862081687454099,5924
5,mid_low,0.0611038581456204,5924
6,mid_low,0.0399689373710674,5924
7,mid_low,0.0244425325236106,5924
8,mid_low,0.014192188905418,5924
9,mid_low,0.0079557935855193,5924
10,mid_low,0.00438176927568441,5924
11,mid_low,0.00240478157079067,5924
12,mid_low,0.00131373940711272,5924
13,mid_low,0.000710760300000628,5924
14,mid_low,0.000378780324667694,5924
15,mid_low,0.00019774376872796,5924
16,mid_low,0.00010067056940918,5924
17,mid_low,4.99698786843594e-05,5924
18,mid_low,2.42050200738267e-05,5924
19,mid_low,1.14515909278434e-05,5924
20,mid_low,5.29601486754822e-06,5924
21,mid_low,2.39610021348804e-06,5924
22,mid_low,1.06138771584205e-06,5924
23,mid_low,4.60670590171675e-07,5924
24,mid_low,1.96057293868837e-07,5924
25,mid_low,8.1879710462656e-08,5924
26,mid_low,3.35808784555215e-08,5924
27,mid_low,1.35347349422177e-08,5924
28,mid_low,5.364970281795e-09,5924
29,mid_low,2.09296302969656e-09,5924
30,mid_low,8.04171178856552e-10,5924
31,mid_low,3.0453953276715e-10,5924
32,mid_low,1.13752837130916e-10,5924
33,mid_low,4.19391004201897e-11,5924
34,mid_low,1.52731658909201e-11,5924
35,mid_low,5.49802591629316e-12,5924
36,mid_low,1.9577933920329e-12,5924
37,mid_low,6.90118804256388e-13,5924
38,mid_low,2.40986287073167e-13,5924
39,mid_low,8.34231893691705e-14,5924
40,mid_low,2.8649810332946e-14,5924
41,mid_low,9.76813656714896e-15,5924
42,mid_low,3.30880526001649e-15,5924
43,mid_low,1.11433226686538e-15,5924
44,mid_low,3.73384872454088e-16,5924
45,mid_low,1.2456950642589e-16,5924
46,mid_low,4.14089558345822e-17,5924
47,mid_low,1.3725204507389e-17,5924
48,mid_low,4.53941486721995e-18,5924
49,mid_low,1.49917362035508e-18,5924
50,mid_low,4.94754200380679e-19,5924
-50,mid_mid,5.76179325070138e-12,2104
-49,mid_mid,8.515417239614e-12,2104
-48,mid_mid,1.25876255594001e-11,2104
-47,mid_mid,1.86149110981114e-11,2104
-46,mid_mid,2.75452697509883e-11,2104
-45,mid_mid,4.07935638623833e-11,2104
-44,mid_mid,6.04761955319594e-11,2104
-43,mid_mid,8.97666688520674e-11,2104
-42,mid_mid,1.33436063621937e-10,2104
-41,mid_mid,1.98677381815456e-10,2104
-40,mid_mid,2.96367345745112e-10,2104
-39,mid_mid,4.43004974917177e-10,2104
-38,mid_mid,6.63701487185523e-10,2104
-37,mid_mid,9.96810272850872e-10,2104
-36,mid_mid,1.50112660646579e-09,2104
-35,mid_mid,2.26713196369859e-09,2104
-34,mid_mid,3.4346340291884e-09,2104
-33,mid_mid,5.22056884079934e-09,2104
-32,mid_mid,7.96302965460757e-09,2104
-31,mid_mid,1.21913385402925e-08,2104
-30,mid_mid,1.87381338964871e-08,2104
-29,mid_mid,2.89196092693008e-08,2104
-28,mid_mid,4.48269069960725e-08,2104
-27,mid_mid,6.97998328825151e-08,2104
-26,mid_mid,1.09201358011885e-07,2104
-25,mid_mid,1.71691297498251e-07,2104
-24,mid_mid,2.71333440113292e-07,2104
-23,mid_mid,4.31102882015577e-07,2104
-22,mid_mid,6.88760597298084e-07,2104
-21,mid_mid,1.10675592935215e-06,2104
-20,mid_mid,1.78902757666784e-06,2104
-19,mid_mid,2.90969784386411e-06,2104
-18,mid_mid,4.76240891490201e-06,2104
-17,mid_mid,7.84572757900549e-06,2104
-16,mid_mid,1.30119999462605e-05,2104
-15,mid_mid,2.17285756572572e-05,2104
-14,mid_mid,3.65507139463615e-05,2104
-13,mid_mid,6.20397275706053e-05,2104
-12,mid_mid,0.000106464913172859,2104
-11,mid_mid,0.000185071109514179,2104
-10,mid_mid,0.000326489485292776,2104
-9,mid_mid,0.000584757235017849,2104
-8,mid_mid,0.00105793141149529,2104
-7,mid_mid,0.00192080871740274,2104
-6,mid_mid,0.00347675381602668,2104
-5,mid_mid,0.00623159265335116,2104
-4,mid_mid,0.0112502827652968,2104
-3,mid_mid,0.0228356723526952,2104
-2,mid_mid,0.0537887704493359,2104
-1,mid_mid,0.105814115411387,2104
0,mid_mid,0.134513462498649,2104
1,mid_mid,0.139071267451815,2104
2,mid_mid,0.148079777038552,2104
3,mid_mid,0.139523624077306,2104
4,mid_mid,0.0973310889730201,2104
5,mid_mid,0.05638876233641,2104
6,mid_mid,0.0321277916155638,2104
7,mid_mid,0.0186223365746494,2104
8,mid_mid,0.010944988591373,2104
9,mid_mid,0.00649317381889376,2104
10,mid_mid,0.00386765388319512,2104
11,mid_mid,0.00229819929322615,2104
12,mid_mid,0.00134980656649844,2104
13,mid_mid,0.000775740049191111,2104
14,mid_mid,0.000431781299245236,2104
15,mid_mid,0.000230361169410563,2104
16,mid_mid,0.000116813001580183,2104
17,mid_mid,5.62768072728199e-05,2104
18,mid_mid,2.58001488196843e-05,2104
19,mid_mid,1.12737446581187e-05,2104
20,mid_mid,4.70285335098058e-06,2104
21,mid_mid,1.87580845632124e-06,2104
22,mid_mid,7.16518743102138e-07,2104
23,mid_mid,2.62511840369578e-07,2104
24,mid_mid,9.23880793673006e-08,2104
25,mid_mid,3.12814323247134e-08,2104
26,mid_mid,1.02050415318223e-08,2104
27,mid_mid,3.21255959102122e-09,2104
28,mid_mid,9.77337637828633e-10,2104
29,mid_mid,2.87767959307267e-10,2104
30,mid_mid,8.21279732005437e-11,2104
31,mid_mid,2.27528887766856e-11,2104
32,mid_mid,6.12807861269298e-12,2104
33,mid_mid,1.60694062427484e-12,2104
34,mid_mid,4.10873664790768e-13,2104
35,mid_mid,1.02587617503667e-13,2104
36,mid_mid,2.5049836539593e-14,2104
37,mid_mid,5.99077894384674e-15,2104
38,mid_mid,1.40532010689744e-15,2104
39,mid_mid,3.23836582495408e-16,2104
40,mid_mid,7.34142471947776e-17,2104
41,mid_mid,1.63977287207707e-17,2104
42,mid_mid,3.61394101714498e-18,2104
43,mid_mid,7.87077591858958e-19,2104
44,mid_mid,1.69643908873184e-19,2104
45,mid_mid,3.62400123763016e-20,2104
46,mid_mid,7.68445120484319e-21,2104
47,mid_mid,1.61978338492851e-21,2104
48,mid_mid,3.39911371985219e-22,2104
49,mid_mid,7.11187689435683e-23,2104
50,mid_mid,1.48579077341173e-23,2104
